100 50
1 3  10 20 1 27 3
2 2  10 20 2 27 5
3 2  10 20 3 27 7
4 2  10 20 4 27 9
5 3  10 20 5 27 11
6 2  10 5 6 27 13
7 2  10 5 7 37 15
8 2  10 5 8 35 17
9 2  10 5 9 35 21
10 3  10 5 7 35 23
11 2  20 30 11 35 25
12 2  20 30 12 35 27
13 2  20 30 13 35 29
14 2  20 30 14 48 31
15 3  20 30 15 48 33
16 2  20 35 16 48 35
17 2  20 35 17 48 37
18 2  20 35 18 48 39
19 2  20 35 19 10 41
20 3  20 35 30 10 43
21 1  30 40 21 10 45
22 2  30 40 22 10 47
23 2  30 40 23 10 49
24 2  30 40 24 10 2
25 3  30 40 25 10 4
26 2  30 45 26 23 6
27 2  30 45 27 23 8
28 2  30 45 28 23 12
29 2  30 45 29 23 14
30 3  30 45 3 31 16
31 1  40 50 31 41 18
32 2  40 50 32 31 19
33 2  40 50 33 31 22
34 2  40 50 34 31 24
35 3  40 50 35 31 26
36 2  40 50 36 21 28
37 2  40 2 37 21 32
38 2  40 2 38 21 34
39 2  40 2 39 21 36
40 3  40 2 4 11 38
41 1  40 2 41 11 42
42 2  40 4 42 11 44
43 2  40 4 43 11 46
44 2  40 4 44 11 48
45 3  40 4 45 11 5
46 2  40 4 46 11 45
47 2  40 6 47 1 45
48 2  40 6 48 1 45
49 2  40 6 49 1 45
50 3  40 6 50 1 45
51 1  50 6 49 1 45
52 2  49 8 48 1 45
53 2  48 8 47 1 45
54 2  47 8 46 1 45
55 3  46 8 45 1 45
56 2  45 8 44 2 25
57 2  44 8 43 3 25
58 2  43 8 42 4 25
59 2  42 8 41 5 25
60 3  41 8 40 6 25
61 1  40 8 4 7 15
62 2  39 12 14 9 15
63 2  38 12 24 10 15
64 2  37 12 34 11 15
65 3  36 12 14 13 15
66 2  35 12 4 14 15
67 2  34 12 24 16 15
68 2  33 12 34 17 15
69 2  32 12 44 18 15
70 3  31 12 1 19 15
71 1  30 12 1 20 35
72 2  29 12 1 21 35
73 2  28 13 7 22 35
74 2  27 13 7 23 35
75 3  26 13 7 24 35
76 2  25 13 7 2 35
77 2  24 13 7 26 35
78 2  23 13 47 27 35
79 2  22 27 47 28 35
80 3  21 27 47 29 35
81 1  20 27 34 30 11
82 2  19 27 34 31 20
83 2  18 27 3 32 20
84 2  17 44 3 33 20
85 3  16 44 3 34 20
86 2  15 44 3 35 20
87 2  14 44 4 36 20
88 2  13 44 4 37 20
89 2  12 44 4 38 20
90 3  11 44 4 39 20
91 1  10 47 4 40 1
92 2  9 47 4 41 1
93 2  8 47 4 42 1
94 2  7 47 4 43 1
95 3  6 47 4 44 1
96 2  5 47 4 45 1
97 2  4 47 14 46 1
98 2  3 47 4 48 1
99 2  2 47 4 49 1
100 3  1 47 4 50 10
1 1
2 1
3 1
4 1
5 1
6 1
7 1
8 1
9 1
10 1
11 3
12 3
13 3
14 3
15 3
16 3
17 3
18 3
19 3
20 3
21 3
22 3
23 3
24 3
25 3
26 2
27 2
28 2
29 2
30 2
31 2
32 2
33 2
34 2
35 2
36 2
37 2
38 2
39 2
40 2
41 2
42 2
43 2
44 2
45 2
46 2
47 2
48 2
49 2
50 2

